%YAML:1.0
R: !!opencv-matrix
   rows: 3
   cols: 3
   dt: d
   data: [ 9.9975842796866476e-01, 5.2929177696288991e-03,
       -2.1332386812262908e-02, -4.9118255822464185e-03,
       9.9982812033305202e-01, 1.7877465164997806e-02,
       2.1423344161770153e-02, -1.7768365506147913e-02,
       9.9961258771194261e-01 ]
T: !!opencv-matrix
   rows: 3
   cols: 1
   dt: d
   data: [ -3.3385150153954779e+00, 4.8745365027914898e-02,
       -1.0627374164570974e-01 ]
R1: !!opencv-matrix
   rows: 3
   cols: 3
   dt: d
   data: [ 9.9989910469502374e-01, -9.8650510032406661e-03,
       1.0220626144871448e-02, 9.7739727160055089e-03,
       9.9991241935698694e-01, 8.9231761724042642e-03,
       -1.0307758603913348e-02, -8.8223797447425211e-03,
       9.9990795362783413e-01 ]
R2: !!opencv-matrix
   rows: 3
   cols: 3
   dt: d
   data: [ 9.9938731178303331e-01, -1.4591966515795661e-02,
       3.1813135027595932e-02, 1.4873713164344559e-02,
       9.9985207046532742e-01, -8.6376989356381929e-03,
       -3.1682387911692464e-02, 9.1055861645376514e-03,
       9.9945650960750321e-01 ]
P1: !!opencv-matrix
   rows: 3
   cols: 4
   dt: d
   data: [ 4.2653067016834785e+02, 0., 3.2185337829589844e+02, 0., 0.,
       4.2653067016834785e+02, 2.4122994232177734e+02, 0., 0., 0., 1.,
       0. ]
P2: !!opencv-matrix
   rows: 3
   cols: 4
   dt: d
   data: [ 4.2653067016834785e+02, 0., 3.2185337829589844e+02,
       -1.4248520369376781e+03, 0., 4.2653067016834785e+02,
       2.4122994232177734e+02, 0., 0., 0., 1., 0. ]
Q: !!opencv-matrix
   rows: 4
   cols: 4
   dt: d
   data: [ 1., 0., 0., -3.2185337829589844e+02, 0., 1., 0.,
       -2.4122994232177734e+02, 0., 0., 0., 4.2653067016834785e+02, 0.,
       0., 2.9935085125404076e-01, 0. ]
