%YAML:1.0
M1: !!opencv-matrix
   rows: 3
   cols: 3
   dt: d
   data: [ 5.3470529007438984e+02, 0., 3.3513920609812828e+02, 0.,
       5.3470529007438984e+02, 2.4020761530198808e+02, 0., 0., 1. ]
D1: !!opencv-matrix
   rows: 1
   cols: 12
   dt: d
   data: [ -2.7450744536956750e-01, -1.8434009016193187e-02, 0., 0., 0.,
       0., 0., -2.4448834887470272e-01, 0., 0., 0., 0. ]
M2: !!opencv-matrix
   rows: 3
   cols: 3
   dt: d
   data: [ 5.3470529007438984e+02, 0., 3.3401564496114332e+02, 0.,
       5.3470529007438984e+02, 2.4159007026853232e+02, 0., 0., 1. ]
D2: !!opencv-matrix
   rows: 1
   cols: 12
   dt: d
   data: [ -2.8076413918340709e-01, 9.3203094695781183e-02, 0., 0., 0.,
       0., 0., 1.6629156986003840e-02, 0., 0., 0., 0. ]
