<?xml version="1.0"?>
<opencv_storage>
<calibration_Time>"Mon 07 Mar 2016 08:25:29 PM EST"</calibration_Time>
<nrOfFrames>10</nrOfFrames>
<image_Width>640</image_Width>
<image_Height>480</image_Height>
<board_Width>21</board_Width>
<board_Height>14</board_Height>
<square_Size>4.3750000000000000e-01</square_Size>
<!-- flags:  +fix_principal_point -->
<flagValue>4</flagValue>
<Camera_Matrix type_id="opencv-matrix">
  <rows>3</rows>
  <cols>3</cols>
  <dt>d</dt>
  <data>
    6.7428563807657065e+02 0. 3.1950000000000000e+02 0.
    6.7716978234522196e+02 2.3950000000000000e+02 0. 0. 1.</data></Camera_Matrix>
<Distortion_Coefficients type_id="opencv-matrix">
  <rows>5</rows>
  <cols>1</cols>
  <dt>d</dt>
  <data>
    -1.3979035216708832e-01 9.9370297395427998e-01
    1.8486646611362916e-03 9.4470976259001594e-04
    -2.6835121787001768e+00</data></Distortion_Coefficients>
<Avg_Reprojection_Error>2.2981371230759775e+00</Avg_Reprojection_Error>
<Per_View_Reprojection_Errors type_id="opencv-matrix">
  <rows>10</rows>
  <cols>1</cols>
  <dt>f</dt>
  <data>
    3.49706769e+00 3.31857443e+00 2.99497938e+00 2.97511840e+00
    3.09243894e+00 1.19755614e+00 5.47954679e-01 4.83568490e-01
    2.99359828e-01 3.60091627e-01</data></Per_View_Reprojection_Errors>
<!-- a set of 6-tuples (rotation vector + translation vector) for each view -->
<Extrinsic_Parameters type_id="opencv-matrix">
  <rows>10</rows>
  <cols>6</cols>
  <dt>d</dt>
  <data>
    4.9203524613104965e-01 -1.1185887140856301e+00
    -2.7812817756000960e+00 3.3489430610101261e+00
    2.0234773106681669e+00 1.3942327215365159e+01 5.1555481984420148e-01
    -1.0868232828988655e+00 -2.7913618292108313e+00
    3.2289781612444508e+00 2.1153217377252402e+00 1.4013295460229021e+01
    5.5066769597301446e-01 -1.0147111259186656e+00
    -2.8124979588127306e+00 3.1632329278471940e+00
    2.4013076972550373e+00 1.4343797893789155e+01 5.7403879019773996e-01
    -1.0170366953999133e+00 -2.8080903967069077e+00
    3.1462662869052371e+00 2.4762309762419501e+00 1.4409226318519702e+01
    5.7652122917649029e-01 -1.0241035115663810e+00
    -2.8062988687468224e+00 3.1573760010928265e+00
    2.4224728314989830e+00 1.4327501956950886e+01 4.6331432173139775e-01
    -6.7970447251501442e-01 -2.9282803479789390e+00
    2.0923666722689829e+00 2.4320967309091830e+00 1.5621263431056882e+01
    3.0694524146063334e-01 -4.8658685762589055e-01
    -3.0237814685525075e+00 2.4684124009441377e+00
    1.8068296028717996e+00 1.6243780675296616e+01 9.0429602565334249e-02
    -4.1848203991245048e-01 -3.0160341027823363e+00
    1.8485011923859516e+00 1.0721313416399283e+00 1.5763033517684789e+01
    -7.0010568654209959e-02 1.4307613950128778e-01
    -3.0052021568461913e+00 3.9798653863397992e-01
    1.5320577027070341e+00 1.8207325321478301e+01
    -1.1887178978057140e-01 1.5246126489300649e-01
    -3.0196654467638027e+00 3.2768080958192886e-01
    2.3750887473581432e+00 1.8021138495192524e+01</data></Extrinsic_Parameters>
<Image_points type_id="opencv-matrix">
  <rows>10</rows>
  <cols>294</cols>
  <dt>"2f"</dt>
  <data>
    4.79405396e+02 3.39551392e+02 4.61014374e+02 3.35484955e+02
    4.42267609e+02 3.31387146e+02 4.23206940e+02 3.27182495e+02
    4.03733307e+02 3.22725677e+02 3.83814972e+02 3.18477539e+02
    3.63676392e+02 3.14243042e+02 3.42952667e+02 3.10003601e+02
    3.21914001e+02 3.05717072e+02 3.00450958e+02 3.01438751e+02
    2.78600128e+02 2.97111755e+02 2.56645813e+02 2.92836517e+02
    2.34133072e+02 2.88505127e+02 2.11305145e+02 2.84062134e+02
    1.87975876e+02 2.79592163e+02 1.64431992e+02 2.74785706e+02
    1.40376602e+02 2.69984772e+02 1.16058266e+02 2.64857025e+02
    9.12978821e+01 2.59494232e+02 6.62320404e+01 2.54091400e+02
    4.09443741e+01 2.48620667e+02 4.75890900e+02 3.22652924e+02
    4.57704498e+02 3.18578400e+02 4.39391449e+02 3.14423615e+02
    4.20650421e+02 3.10233032e+02 4.01629730e+02 3.05778534e+02
    3.82152069e+02 3.01509003e+02 3.62355530e+02 2.97144348e+02
    3.41959930e+02 2.92940491e+02 3.21376617e+02 2.88759857e+02
    3.00364777e+02 2.84503235e+02 2.79114624e+02 2.79931793e+02
    2.57549469e+02 2.75606079e+02 2.35628494e+02 2.71233276e+02
    2.13239975e+02 2.66671448e+02 1.90558380e+02 2.62165924e+02
    1.67504684e+02 2.57270447e+02 1.44212341e+02 2.52231613e+02
    1.20305153e+02 2.47170044e+02 9.62375031e+01 2.41636108e+02
    7.17797775e+01 2.36128906e+02 4.70897102e+01 2.30573257e+02
    4.72701752e+02 3.06292999e+02 4.54737640e+02 3.02375061e+02
    4.36600342e+02 2.98322205e+02 4.18175568e+02 2.94088684e+02
    3.99533936e+02 2.89603333e+02 3.80422546e+02 2.85185760e+02
    3.61025208e+02 2.80895203e+02 3.41002258e+02 2.76738373e+02
    3.20704010e+02 2.72694336e+02 3.00133240e+02 2.68425659e+02
    2.79359436e+02 2.63873047e+02 2.58482697e+02 2.59324493e+02
    2.36906418e+02 2.54790466e+02 2.15223816e+02 2.50065292e+02
    1.92897141e+02 2.45420914e+02 1.70513733e+02 2.40485229e+02
    1.47661179e+02 2.35509567e+02 1.24431595e+02 2.30244019e+02
    1.00860550e+02 2.24773178e+02 7.68858490e+01 2.19442978e+02
    5.29172478e+01 2.13808975e+02 4.68224915e+02 2.83352356e+02
    4.51772034e+02 2.86689850e+02 4.33984161e+02 2.82456970e+02
    4.15958954e+02 2.78223175e+02 3.97550323e+02 2.73836823e+02
    3.78767487e+02 2.69468872e+02 3.59689789e+02 2.65322998e+02
    3.40099640e+02 2.61229187e+02 3.20312500e+02 2.57062744e+02
    3.00117676e+02 2.52644974e+02 2.79715973e+02 2.48135971e+02
    2.59345428e+02 2.43431900e+02 2.38342682e+02 2.38860519e+02
    2.16983368e+02 2.34175781e+02 1.95352982e+02 2.29308655e+02
    1.73373093e+02 2.24394608e+02 1.51030838e+02 2.19402298e+02
    1.28311859e+02 2.14223221e+02 1.05254890e+02 2.08701599e+02
    8.20340195e+01 2.03318436e+02 5.84052277e+01 1.97751648e+02
    4.64581726e+02 2.68885620e+02 4.47778076e+02 2.65010651e+02
    4.30435699e+02 2.59987335e+02 4.12535889e+02 2.56404297e+02
    3.95556427e+02 2.58558502e+02 3.77126801e+02 2.54172058e+02
    3.58407501e+02 2.50357498e+02 3.39287354e+02 2.46077057e+02
    3.19920990e+02 2.41728561e+02 3.00255371e+02 2.37292038e+02
    2.80339447e+02 2.32732590e+02 2.60279510e+02 2.28011917e+02
    2.39633438e+02 2.23440536e+02 2.18831787e+02 2.18547546e+02
    1.97651855e+02 2.13802490e+02 1.76159561e+02 2.08823135e+02
    1.54300949e+02 2.03863480e+02 1.32045990e+02 1.98637558e+02
    1.09489082e+02 1.93445282e+02 8.66568527e+01 1.87991867e+02
    6.37040291e+01 1.82713669e+02 4.63009277e+02 2.62073456e+02
    4.44785706e+02 2.50837051e+02 4.27882660e+02 2.47011459e+02
    4.10618866e+02 2.42215698e+02 3.92837952e+02 2.38285995e+02
    3.74934784e+02 2.33381134e+02 3.56731354e+02 2.28969620e+02
    3.38427246e+02 2.24319885e+02 3.19435333e+02 2.19984009e+02
    3.00395111e+02 2.16027557e+02 2.80855988e+02 2.11396652e+02
    2.61083527e+02 2.13105209e+02 2.40927994e+02 2.08361038e+02
    2.20492233e+02 2.03828568e+02 1.99803665e+02 1.98668396e+02
    1.78785065e+02 1.94089005e+02 1.57380630e+02 1.89057022e+02
    1.35582230e+02 1.84045486e+02 1.13499542e+02 1.78592697e+02
    9.13113556e+01 1.73342896e+02 6.86589508e+01 1.68092316e+02
    4.58662292e+02 2.41460495e+02 4.41951569e+02 2.37229141e+02
    4.25424591e+02 2.32731934e+02 4.08272980e+02 2.29052231e+02
    3.91047943e+02 2.24459091e+02 3.73352997e+02 2.20022980e+02
    3.55608063e+02 2.15498856e+02 3.37211304e+02 2.11457947e+02
    3.18955719e+02 2.07161224e+02 3.00076111e+02 2.02457108e+02
    2.81412659e+02 1.98076828e+02 2.62038666e+02 1.93550400e+02
    2.42853271e+02 1.88580048e+02 2.22692154e+02 1.83496201e+02
    2.02632019e+02 1.79224426e+02 1.81328308e+02 1.78582428e+02
    1.60290588e+02 1.74782013e+02 1.39221878e+02 1.68750092e+02
    1.17440109e+02 1.64667664e+02 9.56020737e+01 1.59504944e+02
    7.35457306e+01 1.54367645e+02 4.55655060e+02 2.28494125e+02
    4.39631897e+02 2.24431122e+02 4.23046906e+02 2.20330826e+02
    4.06528076e+02 2.15674515e+02 3.90144165e+02 2.17985245e+02
