<?xml version="1.0"?>
<opencv_storage>
<calibration_Time>"Mon Feb 29 19:02:50 2016"</calibration_Time>
<nrOfFrames>5</nrOfFrames>
<image_Width>720</image_Width>
<image_Height>480</image_Height>
<board_Width>7</board_Width>
<board_Height>7</board_Height>
<square_Size>2.0999999046325684e+00</square_Size>
<FixAspectRatio>1.</FixAspectRatio>
<!-- flags:  +fix_aspectRatio +fix_principal_point +zero_tangent_dist -->
<flagValue>14</flagValue>
<Camera_Matrix type_id="opencv-matrix">
  <rows>3</rows>
  <cols>3</cols>
  <dt>d</dt>
  <data>
    8.8680868674061458e+02 0. 3.5950000000000000e+02 0.
    8.8680868674061458e+02 2.3950000000000000e+02 0. 0. 1.</data></Camera_Matrix>
<Distortion_Coefficients type_id="opencv-matrix">
  <rows>5</rows>
  <cols>1</cols>
  <dt>d</dt>
  <data>
    1.1406802455619891e+00 -7.8910742438163055e+00 0. 0.
    2.6609681720144085e+01</data></Distortion_Coefficients>
<Avg_Reprojection_Error>1.1606447401124136e+00</Avg_Reprojection_Error>
<Per_View_Reprojection_Errors type_id="opencv-matrix">
  <rows>5</rows>
  <cols>1</cols>
  <dt>f</dt>
  <data>
    2.10570359e+00 5.89008093e-01 5.83845615e-01 1.01235282e+00
    7.67352164e-01</data></Per_View_Reprojection_Errors>
<!-- a set of 6-tuples (rotation vector + translation vector) for each view -->
<Extrinsic_Parameters type_id="opencv-matrix">
  <rows>5</rows>
  <cols>6</cols>
  <dt>d</dt>
  <data>
    -1.5300235588343142e-01 1.8120311527907781e-01
    1.5440718227472416e+00 8.3199042484909960e+00
    -7.9872623441330690e+00 4.7311228770878948e+01
    5.9575475327652383e-01 5.3881932275685307e-01 1.4648619385885298e+00
    1.9524703958166246e+01 -9.2572072900774316e+00
    6.2573563374943483e+01 5.2992914674831992e-01
    -3.0614046534275802e-01 5.5842028544381285e-02
    -1.3247746284799746e+01 -1.0495647247518123e+01
    5.4617560216803156e+01 -1.8176450977922604e-01
    -2.1223308774346980e-01 -5.5954820174445107e-02
    -1.0418505630246546e+01 -7.4935502304254547e+00
    5.0592666208913045e+01 4.7167754270214063e-01 6.2556894550265829e-01
    1.5155156535789016e+00 1.4797029793489205e+01
    -8.3851647115706580e+00 5.4271421438164865e+01</data></Extrinsic_Parameters>
<Image_points type_id="opencv-matrix">
  <rows>5</rows>
  <cols>49</cols>
  <dt>"2f"</dt>
  <data>
    5.24944153e+02 8.42669144e+01 5.26111389e+02 1.23523605e+02
    5.27264343e+02 1.64019531e+02 5.28410400e+02 2.04480881e+02
    5.29505981e+02 2.44171021e+02 5.30549011e+02 2.83764954e+02
    5.31547058e+02 3.24630798e+02 4.82093567e+02 8.55575562e+01
    4.83227081e+02 1.24738144e+02 4.84410309e+02 1.65216354e+02
    4.85367310e+02 2.05624008e+02 4.86513092e+02 2.45135223e+02
    4.87409851e+02 2.84741028e+02 4.88603394e+02 3.25527557e+02
    4.40543549e+02 8.70124664e+01 4.41597229e+02 1.26205269e+02
    4.42693207e+02 1.66435303e+02 4.43790802e+02 2.06838806e+02
    4.44712433e+02 2.46303223e+02 4.45732758e+02 2.85816589e+02
    4.46760986e+02 3.26559296e+02 3.99180145e+02 8.83883286e+01
    4.00092377e+02 1.27481415e+02 4.01132050e+02 1.67594666e+02
    4.02077515e+02 2.08024521e+02 4.03067871e+02 2.47315018e+02
    4.04001251e+02 2.86675385e+02 4.05264465e+02 3.27436554e+02
    3.57807434e+02 8.96888275e+01 3.58750092e+02 1.28766693e+02
    3.59661713e+02 1.68745865e+02 3.60648071e+02 2.09008423e+02
    3.61548370e+02 2.48355682e+02 3.62560089e+02 2.87628357e+02
    3.63469635e+02 3.28329041e+02 3.15611511e+02 9.12353287e+01
    3.16514282e+02 1.30135712e+02 3.17422577e+02 1.70109772e+02
    3.18183014e+02 2.10185394e+02 3.19199188e+02 2.49360641e+02
    3.20055054e+02 2.88567139e+02 3.21036926e+02 3.29280579e+02
    2.73720825e+02 9.25025482e+01 2.74563049e+02 1.31363144e+02
    2.75452271e+02 1.71315323e+02 2.76284210e+02 2.11270096e+02
    2.77040039e+02 2.50404648e+02 2.77987274e+02 2.89566376e+02
    2.78568512e+02 3.30220154e+02 6.54649414e+02 9.91460037e+01
    6.55671448e+02 1.30612503e+02 6.56494934e+02 1.63051254e+02
    6.57463745e+02 1.95355072e+02 6.58270325e+02 2.26629959e+02
    6.58963806e+02 2.58151611e+02 6.59578064e+02 2.90208099e+02
    6.22735046e+02 1.03658386e+02 6.23599915e+02 1.34325348e+02
    6.24518738e+02 1.65668808e+02 6.25315063e+02 1.97071960e+02
    6.26188293e+02 2.27460342e+02 6.27181274e+02 2.57802948e+02
    6.28022400e+02 2.89057098e+02 5.93650879e+02 1.08015144e+02
    5.94425842e+02 1.37678391e+02 5.95042542e+02 1.68273148e+02
    5.96005005e+02 1.98621826e+02 5.97141418e+02 2.28216980e+02
    5.98057861e+02 2.57632507e+02 5.98657532e+02 2.87944733e+02
    5.65776306e+02 1.12121529e+02 5.66706604e+02 1.40995987e+02
    5.67095825e+02 1.70566040e+02 5.68018066e+02 2.00197525e+02
    5.69308044e+02 2.28806778e+02 5.70025085e+02 2.57447205e+02
    5.70519714e+02 2.86784180e+02 5.39505737e+02 1.16040909e+02
    5.40441956e+02 1.44104462e+02 5.40726746e+02 1.72781693e+02
    5.41477844e+02 2.01575485e+02 5.42574341e+02 2.29441727e+02
    5.43412842e+02 2.57317383e+02 5.44027161e+02 2.85796906e+02
    5.14027588e+02 1.19873077e+02 5.14739075e+02 1.47171494e+02
    5.15523499e+02 1.75169510e+02 5.15826843e+02 2.02894287e+02
    5.16852600e+02 2.29918396e+02 5.17750244e+02 2.56983063e+02
    5.18361084e+02 2.84715210e+02 4.89754211e+02 1.23490242e+02
    4.90535828e+02 1.50062744e+02 4.91321106e+02 1.77224777e+02
    4.91666412e+02 2.04282532e+02 4.92766296e+02 2.30553650e+02
    4.93665436e+02 2.56748230e+02 4.93887817e+02 2.83840698e+02
    1.31904434e+02 5.97288055e+01 1.69642853e+02 6.15601196e+01
    2.06471375e+02 6.36054230e+01 2.41277771e+02 6.55018768e+01
    2.75235931e+02 6.74591217e+01 3.08107147e+02 6.92610931e+01
    3.40661133e+02 7.08708725e+01 1.32006439e+02 9.32924271e+01
    1.69041443e+02 9.45838470e+01 2.05169647e+02 9.61920395e+01
    2.39455246e+02 9.75010986e+01 2.72686371e+02 9.89677963e+01
    3.04930115e+02 1.00332779e+02 3.37090851e+02 1.01546188e+02
    1.32216141e+02 1.26518135e+02 1.68501114e+02 1.27342926e+02
    2.04046005e+02 1.28502792e+02 2.37636246e+02 1.29469040e+02
    2.70421051e+02 1.30414810e+02 3.01969208e+02 1.31093567e+02
    3.33477478e+02 1.31761200e+02 1.32502365e+02 1.58542679e+02
    1.68067917e+02 1.58920654e+02 2.03020020e+02 1.59528610e+02
    2.35968658e+02 1.59916992e+02 2.67974030e+02 1.60407349e+02
    2.99074738e+02 1.60602432e+02 3.30089386e+02 1.60917297e+02
    1.32647522e+02 1.88021667e+02 1.67641998e+02 1.88194672e+02
    2.01857910e+02 1.88361557e+02 2.34302902e+02 1.88382874e+02
    2.65854919e+02 1.88553787e+02 2.96406250e+02 1.88436951e+02
    3.26694794e+02 1.88264191e+02 1.32791336e+02 2.16355301e+02
    1.67170258e+02 2.16343430e+02 2.00818390e+02 2.16223953e+02
    2.32576233e+02 2.15853714e+02 2.63663086e+02 2.15502457e+02
    2.93548157e+02 2.15062180e+02 3.23510559e+02 2.14512711e+02
    1.33077286e+02 2.45206375e+02 1.66791061e+02 2.44240387e+02
    1.99728149e+02 2.43603683e+02 2.31091980e+02 2.43092270e+02
    2.61398438e+02 2.42292648e+02 2.90742462e+02 2.41313477e+02
    3.20345337e+02 2.40532211e+02 1.67451340e+02 1.01940865e+02
    2.08508575e+02 1.02781425e+02 2.48328186e+02 1.03602997e+02
    2.85730225e+02 1.04417053e+02 3.22107910e+02 1.05152756e+02
    3.57303497e+02 1.05660652e+02 3.92057953e+02 1.06457245e+02
    1.69412277e+02 1.39098022e+02 2.10470993e+02 1.39390976e+02
    2.50444550e+02 1.39572739e+02 2.88079346e+02 1.39682785e+02
    3.24541840e+02 1.39744446e+02 3.59637756e+02 1.39804199e+02
    3.94522247e+02 1.40199249e+02 1.71371811e+02 1.77577332e+02
    2.12588776e+02 1.77169983e+02 2.52714447e+02 1.76611404e+02
    2.90566589e+02 1.76078873e+02 3.27210938e+02 1.75658920e+02
    3.62326385e+02 1.75289520e+02 3.97339508e+02 1.74839447e+02
    1.73500900e+02 2.16226730e+02 2.14830307e+02 2.15167511e+02
    2.55221893e+02 2.13918686e+02 2.92886078e+02 2.12913345e+02
    3.29566833e+02 2.11935120e+02 3.64806732e+02 2.10869019e+02
    3.99840668e+02 2.09889023e+02 1.75293381e+02 2.54416977e+02
    2.16895721e+02 2.52530319e+02 2.57198273e+02 2.50750336e+02
